0.000334689672792 8.05618559345e-05 2.79152188531e-05 0.000106975896973 0.000107317495902 7.04769818417e-05 0.000111336194197 0.000112689063949 5.79039513541e-05 0.000113538299507 
8.05618559345e-05 0.00015631764043 3.67639945768e-05 7.15344737091e-05 8.28615945584e-05 5.64723439088e-05 5.02588547228e-05 7.30140985125e-05 6.00245007085e-05 7.4733178031e-05 
2.79152188531e-05 3.67639945768e-05 0.00011480062769 4.43266440179e-05 4.4606867191e-05 3.62311896048e-05 3.29358163118e-05 4.504490753e-05 7.43489183795e-05 2.90956872927e-05 
0.000106975896973 7.15344737091e-05 4.43266440179e-05 0.000129680718183 9.00505080963e-05 6.30649051625e-05 0.000113849343563 0.000102310976604 6.06831606675e-05 9.36071722534e-05 
0.000107317495902 8.28615945584e-05 4.4606867191e-05 9.00505080963e-05 0.000160234008858 6.38995702195e-05 9.94850582976e-05 0.00010540095624 6.97166646699e-05 8.9948929487e-05 
7.04769818417e-05 5.64723439088e-05 3.62311896048e-05 6.30649051625e-05 6.38995702195e-05 7.23483126047e-05 6.5569188141e-05 6.77868841102e-05 4.98197296368e-05 7.47939657697e-05 
0.000111336194197 5.02588547228e-05 3.29358163118e-05 0.000113849343563 9.94850582976e-05 6.5569188141e-05 0.000618658769365 0.000426791302208 3.98807437702e-05 0.000106208053722 
0.000112689063949 7.30140985125e-05 4.504490753e-05 0.000102310976604 0.00010540095624 6.77868841102e-05 0.000426791302208 0.000552772119774 5.35662802642e-05 0.000113727598655 
5.79039513541e-05 6.00245007085e-05 7.43489183795e-05 6.06831606675e-05 6.97166646699e-05 4.98197296368e-05 3.98807437702e-05 5.35662802642e-05 0.000126510088923 4.98009342205e-05 
0.000113538299507 7.4733178031e-05 2.90956872927e-05 9.36071722534e-05 8.9948929487e-05 7.47939657697e-05 0.000106208053722 0.000113727598655 4.98009342205e-05 0.000176057841899 
